Before ViewMatrix:
 1.000E+0  0.000E+0  0.000E+0  0.000E+0
 0.000E+0  1.000E+0  0.000E+0  0.000E+0
 0.000E+0  0.000E+0  1.000E+0 -1.500E+1
 0.000E+0  0.000E+0  0.000E+0  1.000E+0

Before ProjMatrix:
 9.743E-1  0.000E+0  0.000E+0  0.000E+0
 0.000E+0  1.732E+0  0.000E+0  0.000E+0
 0.000E+0  0.000E+0 -1.000E+0 -2.000E-2
 0.000E+0  0.000E+0 -1.000E+0  0.000E+0

 9.743E-1  0.000E+0  0.000E+0  0.000E+0
 0.000E+0  1.732E+0  0.000E+0  0.000E+0
 0.000E+0  0.000E+0 -1.000E+0 -2.000E-2
 0.000E+0  0.000E+0 -1.000E+0  0.000E+0


 1.000E+0  0.000E+0  0.000E+0  0.000E+0
 0.000E+0  1.000E+0  0.000E+0  0.000E+0
 0.000E+0  0.000E+0  1.000E+0 -1.500E+1
 0.000E+0  0.000E+0  0.000E+0  1.000E+0


